{
 "cells": [
  {
   "cell_type": "markdown",
   "metadata": {},
   "source": [
    "# Analysis to place individual model on spatial position\n",
    "\n",
    "## Steps: \n",
    "### 1. Computing topic word distribution.\n",
    "### 2. Dissimilarity Measure using Jensen Shanon/Cosine Similarity/Euclidean Distance\n",
    "### 3. Dimensionality Reduction (PCA / t-SNE / MDS)\n",
    "### 4. Visualization using bokeh plot\n",
    "### 5. Save position coordinates to csv\n",
    "\n",
    "\n",
    "\n",
    "# Analysis of Topic Proportion for circle size\n",
    "\n",
    "## Steps: \n",
    "### 1. Calculate topic proportion for each topics. \n",
    "\n",
    "\n",
    "\n",
    "# Analysis of similairty between pro and con models\n",
    "\n",
    "## Steps: \n",
    "### 1. Take top n terms of topic select, sum these terms con's beta values for each topic, return max beta sum. \n",
    "\n",
    "\n",
    "# Calculate Revlevance\n",
    "\n",
    "## Steps:\n",
    "### 1. Calculate relevance according to one of the paper. \n"
   ]
  },
  {
   "cell_type": "code",
   "execution_count": 73,
   "metadata": {},
   "outputs": [
    {
     "data": {
      "text/html": [
       "<div>\n",
       "<style scoped>\n",
       "    .dataframe tbody tr th:only-of-type {\n",
       "        vertical-align: middle;\n",
       "    }\n",
       "\n",
       "    .dataframe tbody tr th {\n",
       "        vertical-align: top;\n",
       "    }\n",
       "\n",
       "    .dataframe thead th {\n",
       "        text-align: right;\n",
       "    }\n",
       "</style>\n",
       "<table border=\"1\" class=\"dataframe\">\n",
       "  <thead>\n",
       "    <tr style=\"text-align: right;\">\n",
       "      <th></th>\n",
       "      <th>topic</th>\n",
       "      <th>term</th>\n",
       "      <th>beta</th>\n",
       "    </tr>\n",
       "  </thead>\n",
       "  <tbody>\n",
       "    <tr>\n",
       "      <th>0</th>\n",
       "      <td>1</td>\n",
       "      <td>1_hour_break</td>\n",
       "      <td>3.333175e-24</td>\n",
       "    </tr>\n",
       "    <tr>\n",
       "      <th>1</th>\n",
       "      <td>2</td>\n",
       "      <td>1_hour_break</td>\n",
       "      <td>3.228877e-24</td>\n",
       "    </tr>\n",
       "    <tr>\n",
       "      <th>2</th>\n",
       "      <td>3</td>\n",
       "      <td>1_hour_break</td>\n",
       "      <td>6.486790e-12</td>\n",
       "    </tr>\n",
       "    <tr>\n",
       "      <th>3</th>\n",
       "      <td>4</td>\n",
       "      <td>1_hour_break</td>\n",
       "      <td>2.023997e-12</td>\n",
       "    </tr>\n",
       "    <tr>\n",
       "      <th>4</th>\n",
       "      <td>5</td>\n",
       "      <td>1_hour_break</td>\n",
       "      <td>3.937727e-08</td>\n",
       "    </tr>\n",
       "  </tbody>\n",
       "</table>\n",
       "</div>"
      ],
      "text/plain": [
       "   topic          term          beta\n",
       "0      1  1_hour_break  3.333175e-24\n",
       "1      2  1_hour_break  3.228877e-24\n",
       "2      3  1_hour_break  6.486790e-12\n",
       "3      4  1_hour_break  2.023997e-12\n",
       "4      5  1_hour_break  3.937727e-08"
      ]
     },
     "metadata": {},
     "output_type": "display_data"
    },
    {
     "name": "stdout",
     "output_type": "stream",
     "text": [
      "(66410, 3)\n"
     ]
    }
   ],
   "source": [
    "import pandas as pd\n",
    "import numpy as np\n",
    "\n",
    "num_topics = 10\n",
    "data_path = \"~/Desktop/DataViz/whisper2/whisper/whisperVis/data/topicModeling/pro\"\n",
    "df = pd.read_csv(data_path + f\"/{num_topics}/beta.csv\")\n",
    "\n",
    "display(df.head())\n",
    "print(df.shape)"
   ]
  },
  {
   "cell_type": "markdown",
   "metadata": {},
   "source": [
    "## Computing topic word distribution"
   ]
  },
  {
   "cell_type": "code",
   "execution_count": 74,
   "metadata": {},
   "outputs": [
    {
     "name": "stdout",
     "output_type": "stream",
     "text": [
      "10\n",
      "10\n"
     ]
    }
   ],
   "source": [
    "topic_word_distr = []\n",
    "imp_words = []\n",
    "terms = df[df.topic == 1].term.values.tolist()\n",
    "\n",
    "num_topics = len(df.topic.unique())\n",
    "for i in range(1, num_topics+1):\n",
    "    topic = df[df.topic == i] \n",
    "    vals = topic.beta.values.tolist()\n",
    "    topic_word_distr += [np.asarray(vals)]\n",
    "    words = [terms[i] for i in np.asarray(vals).argsort()[-10:][::-1].tolist()]\n",
    "    imp_words.append(words)\n",
    "    \n",
    "print(len(topic_word_distr))\n",
    "print(len(imp_words))"
   ]
  },
  {
   "cell_type": "code",
   "execution_count": 75,
   "metadata": {},
   "outputs": [
    {
     "name": "stdout",
     "output_type": "stream",
     "text": [
      "6641\n"
     ]
    }
   ],
   "source": [
    "# print(topic_word_distr)\n",
    "print(len(topic_word_distr[0]))"
   ]
  },
  {
   "cell_type": "markdown",
   "metadata": {},
   "source": [
    "# Dissimilarity Measure"
   ]
  },
  {
   "cell_type": "code",
   "execution_count": 76,
   "metadata": {},
   "outputs": [
    {
     "name": "stdout",
     "output_type": "stream",
     "text": [
      "[[0.0, 0.0460335568329371, 0.8239785780015826, 0.8243718930161399, 0.8211542490569189, 0.8225457748989495, 0.7851704726560149, 0.82126436097393, 0.8065968339046721, 0.7845333327332118], [0.0460335568329371, 0.0, 0.8239937321342545, 0.8242772665116179, 0.8212731738765019, 0.8225717183828379, 0.7849308197066048, 0.8213019164955101, 0.8064309599207397, 0.7847485154928479], [0.8239785780015826, 0.8239937321342545, 0.0, 0.824060737580206, 0.8252000850367154, 0.81680593030572, 0.825419173454282, 0.8256744238046658, 0.8242911966073121, 0.813297188146814], [0.8243718930161399, 0.8242772665116179, 0.824060737580206, 0.0, 0.8048349275604464, 0.8236719663878131, 0.8242863663741836, 0.8186766604143078, 0.819474639460868, 0.8226448164030605], [0.8211542490569189, 0.8212731738765019, 0.8252000850367154, 0.8048349275604464, 0.0, 0.8269855744936826, 0.8201284708363028, 0.8219212236395543, 0.826349042288878, 0.8040374766410577], [0.8225457748989495, 0.8225717183828379, 0.81680593030572, 0.8236719663878131, 0.8269855744936826, 0.0, 0.8262028609589332, 0.8224017761928702, 0.8276583136211592, 0.8179483037025438], [0.7851704726560149, 0.7849308197066048, 0.825419173454282, 0.8242863663741836, 0.8201284708363028, 0.8262028609589332, 0.0, 0.7985110780468668, 0.8238620175400063, 0.8095267455105719], [0.82126436097393, 0.8213019164955101, 0.8256744238046658, 0.8186766604143078, 0.8219212236395543, 0.8224017761928702, 0.7985110780468668, 0.0, 0.8221144458466795, 0.8199810162885246], [0.8065968339046721, 0.8064309599207397, 0.8242911966073121, 0.819474639460868, 0.826349042288878, 0.8276583136211592, 0.8238620175400063, 0.8221144458466795, 0.0, 0.8229484733958884], [0.7845333327332118, 0.7847485154928479, 0.813297188146814, 0.8226448164030605, 0.8040374766410577, 0.8179483037025438, 0.8095267455105719, 0.8199810162885246, 0.8229484733958884, 0.0]]\n"
     ]
    }
   ],
   "source": [
    "from scipy.spatial import distance\n",
    "\n",
    "dist = []\n",
    "for i in range(num_topics): \n",
    "    t1 = topic_word_distr[i]\n",
    "    d1 = []\n",
    "    for j in range(num_topics):\n",
    "        t2 = topic_word_distr[j]\n",
    "        d = distance.jensenshannon(t1, t2)\n",
    "        d1.append(d)\n",
    "    dist.append(d1)\n",
    "\n",
    "print(dist)"
   ]
  },
  {
   "cell_type": "code",
   "execution_count": 77,
   "metadata": {},
   "outputs": [
    {
     "name": "stdout",
     "output_type": "stream",
     "text": [
      "[[1.00000000e+00 9.99777701e-01 7.85150587e-04 1.11087118e-03\n",
      "  2.98781882e-03 2.68854212e-03 2.02539988e-01 5.52706095e-03\n",
      "  3.71759596e-02 1.29034815e-01]\n",
      " [9.99777701e-01 1.00000000e+00 7.82410844e-04 1.16353979e-03\n",
      "  2.93516509e-03 2.65303231e-03 2.04261484e-01 5.53767569e-03\n",
      "  3.70844242e-02 1.29134537e-01]\n",
      " [7.85150587e-04 7.82410844e-04 1.00000000e+00 1.26176202e-03\n",
      "  1.21204094e-03 4.97706370e-02 9.50731858e-04 3.32612753e-04\n",
      "  8.05883399e-04 9.98346182e-03]\n",
      " [1.11087118e-03 1.16353979e-03 1.26176202e-03 1.00000000e+00\n",
      "  7.57933088e-03 1.88484969e-03 2.17256459e-03 1.00366968e-02\n",
      "  1.00620012e-02 2.40438957e-03]\n",
      " [2.98781882e-03 2.93516509e-03 1.21204094e-03 7.57933088e-03\n",
      "  1.00000000e+00 7.27004201e-04 1.02611784e-02 2.94474291e-03\n",
      "  9.55901506e-04 3.07976401e-02]\n",
      " [2.68854212e-03 2.65303231e-03 4.97706370e-02 1.88484969e-03\n",
      "  7.27004201e-04 1.00000000e+00 7.03209292e-04 1.39846345e-02\n",
      "  7.39552233e-04 1.43374758e-02]\n",
      " [2.02539988e-01 2.04261484e-01 9.50731858e-04 2.17256459e-03\n",
      "  1.02611784e-02 7.03209292e-04 1.00000000e+00 8.47993270e-02\n",
      "  3.88152894e-03 4.75496711e-02]\n",
      " [5.52706095e-03 5.53767569e-03 3.32612753e-04 1.00366968e-02\n",
      "  2.94474291e-03 1.39846345e-02 8.47993270e-02 1.00000000e+00\n",
      "  7.14392674e-03 1.64248644e-03]\n",
      " [3.71759596e-02 3.70844242e-02 8.05883399e-04 1.00620012e-02\n",
      "  9.55901506e-04 7.39552233e-04 3.88152894e-03 7.14392674e-03\n",
      "  1.00000000e+00 5.28370144e-03]\n",
      " [1.29034815e-01 1.29134537e-01 9.98346182e-03 2.40438957e-03\n",
      "  3.07976401e-02 1.43374758e-02 4.75496711e-02 1.64248644e-03\n",
      "  5.28370144e-03 1.00000000e+00]]\n"
     ]
    }
   ],
   "source": [
    "from sklearn.metrics.pairwise import cosine_similarity\n",
    "\n",
    "dist = cosine_similarity(topic_word_distr, topic_word_distr)\n",
    "\n",
    "print(dist)"
   ]
  },
  {
   "cell_type": "markdown",
   "metadata": {},
   "source": [
    "# Dimensionality Reduction"
   ]
  },
  {
   "cell_type": "markdown",
   "metadata": {},
   "source": [
    "## TSNE"
   ]
  },
  {
   "cell_type": "code",
   "execution_count": 78,
   "metadata": {},
   "outputs": [
    {
     "name": "stdout",
     "output_type": "stream",
     "text": [
      "[t-SNE] Computing 9 nearest neighbors...\n",
      "[t-SNE] Indexed 10 samples in 0.000s...\n",
      "[t-SNE] Computed neighbors for 10 samples in 0.001s...\n",
      "[t-SNE] Computed conditional probabilities for sample 10 / 10\n",
      "[t-SNE] Mean sigma: 1125899906842624.000000\n",
      "[t-SNE] KL divergence after 250 iterations with early exaggeration: 49.707256\n",
      "[t-SNE] KL divergence after 1000 iterations: 0.243565\n"
     ]
    }
   ],
   "source": [
    "# Clustering\n",
    "from sklearn.manifold import TSNE\n",
    "# tsne = TSNE(n_components=2)\n",
    "tsne = TSNE(n_components=2, verbose=1, random_state=0, angle=.99, init='pca')\n",
    "X_tsne = tsne.fit_transform(topic_word_distr)"
   ]
  },
  {
   "cell_type": "markdown",
   "metadata": {},
   "source": [
    "## PCA"
   ]
  },
  {
   "cell_type": "code",
   "execution_count": 79,
   "metadata": {},
   "outputs": [],
   "source": [
    "from sklearn.decomposition import PCA\n",
    "\n",
    "pca = PCA(n_components=2)\n",
    "X_tsne = pca.fit_transform(dist)\n",
    "# X_tsne = pca.fit_transform(topic_word_distr)"
   ]
  },
  {
   "cell_type": "code",
   "execution_count": 80,
   "metadata": {
    "scrolled": true
   },
   "outputs": [
    {
     "name": "stdout",
     "output_type": "stream",
     "text": [
      "[[ 1.0907237  -0.07023062]\n",
      " [ 1.09103141 -0.06951391]\n",
      " [-0.41655426 -0.49221858]\n",
      " [-0.40536807  0.11290087]\n",
      " [-0.39067667 -0.00167504]\n",
      " [-0.41527594 -0.40641046]\n",
      " [ 0.15305667  0.42763814]\n",
      " [-0.36958601  0.66966182]\n",
      " [-0.29912595  0.00272684]\n",
      " [-0.03822489 -0.17287905]]\n"
     ]
    }
   ],
   "source": [
    "print(X_tsne)"
   ]
  },
  {
   "cell_type": "markdown",
   "metadata": {},
   "source": [
    "# Visualization"
   ]
  },
  {
   "cell_type": "code",
   "execution_count": 81,
   "metadata": {},
   "outputs": [
    {
     "name": "stdout",
     "output_type": "stream",
     "text": [
      "['#9fe240' '#470d5e' '#5ef004' '#322617' '#41e92f' '#d02980' '#db2e5b'\n",
      " '#8cf5e3' '#3c40d9' '#8530eb']\n"
     ]
    }
   ],
   "source": [
    "# Generate random colors\n",
    "\n",
    "import random\n",
    "get_colors = lambda n: list(map(lambda i: \"#\" + \"%06x\" % random.randint(0, 0xFFFFFF),range(n)))\n",
    "colormap = np.asarray(get_colors(num_topics)) \n",
    "print(colormap)"
   ]
  },
  {
   "cell_type": "code",
   "execution_count": 82,
   "metadata": {},
   "outputs": [
    {
     "data": {
      "text/html": [
       "<div>\n",
       "<style scoped>\n",
       "    .dataframe tbody tr th:only-of-type {\n",
       "        vertical-align: middle;\n",
       "    }\n",
       "\n",
       "    .dataframe tbody tr th {\n",
       "        vertical-align: top;\n",
       "    }\n",
       "\n",
       "    .dataframe thead th {\n",
       "        text-align: right;\n",
       "    }\n",
       "</style>\n",
       "<table border=\"1\" class=\"dataframe\">\n",
       "  <thead>\n",
       "    <tr style=\"text-align: right;\">\n",
       "      <th></th>\n",
       "      <th>X</th>\n",
       "      <th>Y</th>\n",
       "      <th>Topic</th>\n",
       "      <th>Topic_Words</th>\n",
       "      <th>Colors</th>\n",
       "    </tr>\n",
       "  </thead>\n",
       "  <tbody>\n",
       "    <tr>\n",
       "      <th>0</th>\n",
       "      <td>1.090724</td>\n",
       "      <td>-0.070231</td>\n",
       "      <td>1</td>\n",
       "      <td>[free, employe, discount, schedul, day, decent...</td>\n",
       "      <td>#9fe240</td>\n",
       "    </tr>\n",
       "    <tr>\n",
       "      <th>1</th>\n",
       "      <td>1.091031</td>\n",
       "      <td>-0.069514</td>\n",
       "      <td>2</td>\n",
       "      <td>[free, employe, discount, schedul, day, decent...</td>\n",
       "      <td>#470d5e</td>\n",
       "    </tr>\n",
       "    <tr>\n",
       "      <th>2</th>\n",
       "      <td>-0.416554</td>\n",
       "      <td>-0.492219</td>\n",
       "      <td>3</td>\n",
       "      <td>[benefit, manag, lot, worker, decent_pay, easi...</td>\n",
       "      <td>#5ef004</td>\n",
       "    </tr>\n",
       "    <tr>\n",
       "      <th>3</th>\n",
       "      <td>-0.405368</td>\n",
       "      <td>0.112901</td>\n",
       "      <td>4</td>\n",
       "      <td>[pay_benefit, advanc, help, salari, worklif, c...</td>\n",
       "      <td>#322617</td>\n",
       "    </tr>\n",
       "    <tr>\n",
       "      <th>4</th>\n",
       "      <td>-0.390677</td>\n",
       "      <td>-0.001675</td>\n",
       "      <td>5</td>\n",
       "      <td>[pay, hour, flexibl, cowork, balanc, cultur, f...</td>\n",
       "      <td>#41e92f</td>\n",
       "    </tr>\n",
       "  </tbody>\n",
       "</table>\n",
       "</div>"
      ],
      "text/plain": [
       "          X         Y  Topic  \\\n",
       "0  1.090724 -0.070231      1   \n",
       "1  1.091031 -0.069514      2   \n",
       "2 -0.416554 -0.492219      3   \n",
       "3 -0.405368  0.112901      4   \n",
       "4 -0.390677 -0.001675      5   \n",
       "\n",
       "                                         Topic_Words   Colors  \n",
       "0  [free, employe, discount, schedul, day, decent...  #9fe240  \n",
       "1  [free, employe, discount, schedul, day, decent...  #470d5e  \n",
       "2  [benefit, manag, lot, worker, decent_pay, easi...  #5ef004  \n",
       "3  [pay_benefit, advanc, help, salari, worklif, c...  #322617  \n",
       "4  [pay, hour, flexibl, cowork, balanc, cultur, f...  #41e92f  "
      ]
     },
     "metadata": {},
     "output_type": "display_data"
    }
   ],
   "source": [
    "df_cluster = pd.DataFrame()\n",
    "df_cluster['X'] = X_tsne[:, 0]\n",
    "df_cluster['Y'] = X_tsne[:, 1]\n",
    "df_cluster['Topic'] = range(num_topics)\n",
    "df_cluster['Topic_Words'] = imp_words\n",
    "\n",
    "cluster_colors = dict()\n",
    "for c in range(num_topics): \n",
    "    cluster_colors[c] = colormap[c]\n",
    "    \n",
    "df_cluster['Colors'] = df_cluster['Topic'].apply(lambda l: cluster_colors[l])\n",
    "df_cluster.sort_values(by=['Topic'], inplace=True)\n",
    "\n",
    "df_cluster['Topic'] = df_cluster['Topic']+1\n",
    "display(df_cluster.head())"
   ]
  },
  {
   "cell_type": "code",
   "execution_count": 83,
   "metadata": {},
   "outputs": [],
   "source": [
    "# import seaborn as sns\n",
    "# import matplotlib.pyplot as plt\n",
    "# import os\n",
    "# sns.scatterplot(x = \"X\", y=\"Y\", hue=\"Topic\", data=df_cluster)\n",
    "# plt.xlabel(\"PCA1\")\n",
    "# plt.ylabel(\"PCA2\")\n",
    "# plt.title(\"PCA Visualization of topics\")\n",
    "# plt.savefig(os.path.expanduser(\"~/Desktop/img/PCApro.png\"))\n",
    "# plt.show()"
   ]
  },
  {
   "cell_type": "code",
   "execution_count": 84,
   "metadata": {},
   "outputs": [
    {
     "data": {
      "text/html": [
       "\n",
       "    <div class=\"bk-root\">\n",
       "        <a href=\"https://bokeh.pydata.org\" target=\"_blank\" class=\"bk-logo bk-logo-small bk-logo-notebook\"></a>\n",
       "        <span id=\"1143\">Loading BokehJS ...</span>\n",
       "    </div>"
      ]
     },
     "metadata": {},
     "output_type": "display_data"
    },
    {
     "data": {
      "application/javascript": [
       "\n",
       "(function(root) {\n",
       "  function now() {\n",
       "    return new Date();\n",
       "  }\n",
       "\n",
       "  var force = true;\n",
       "\n",
       "  if (typeof (root._bokeh_onload_callbacks) === \"undefined\" || force === true) {\n",
       "    root._bokeh_onload_callbacks = [];\n",
       "    root._bokeh_is_loading = undefined;\n",
       "  }\n",
       "\n",
       "  var JS_MIME_TYPE = 'application/javascript';\n",
       "  var HTML_MIME_TYPE = 'text/html';\n",
       "  var EXEC_MIME_TYPE = 'application/vnd.bokehjs_exec.v0+json';\n",
       "  var CLASS_NAME = 'output_bokeh rendered_html';\n",
       "\n",
       "  /**\n",
       "   * Render data to the DOM node\n",
       "   */\n",
       "  function render(props, node) {\n",
       "    var script = document.createElement(\"script\");\n",
       "    node.appendChild(script);\n",
       "  }\n",
       "\n",
       "  /**\n",
       "   * Handle when an output is cleared or removed\n",
       "   */\n",
       "  function handleClearOutput(event, handle) {\n",
       "    var cell = handle.cell;\n",
       "\n",
       "    var id = cell.output_area._bokeh_element_id;\n",
       "    var server_id = cell.output_area._bokeh_server_id;\n",
       "    // Clean up Bokeh references\n",
       "    if (id != null && id in Bokeh.index) {\n",
       "      Bokeh.index[id].model.document.clear();\n",
       "      delete Bokeh.index[id];\n",
       "    }\n",
       "\n",
       "    if (server_id !== undefined) {\n",
       "      // Clean up Bokeh references\n",
       "      var cmd = \"from bokeh.io.state import curstate; print(curstate().uuid_to_server['\" + server_id + \"'].get_sessions()[0].document.roots[0]._id)\";\n",
       "      cell.notebook.kernel.execute(cmd, {\n",
       "        iopub: {\n",
       "          output: function(msg) {\n",
       "            var id = msg.content.text.trim();\n",
       "            if (id in Bokeh.index) {\n",
       "              Bokeh.index[id].model.document.clear();\n",
       "              delete Bokeh.index[id];\n",
       "            }\n",
       "          }\n",
       "        }\n",
       "      });\n",
       "      // Destroy server and session\n",
       "      var cmd = \"import bokeh.io.notebook as ion; ion.destroy_server('\" + server_id + \"')\";\n",
       "      cell.notebook.kernel.execute(cmd);\n",
       "    }\n",
       "  }\n",
       "\n",
       "  /**\n",
       "   * Handle when a new output is added\n",
       "   */\n",
       "  function handleAddOutput(event, handle) {\n",
       "    var output_area = handle.output_area;\n",
       "    var output = handle.output;\n",
       "\n",
       "    // limit handleAddOutput to display_data with EXEC_MIME_TYPE content only\n",
       "    if ((output.output_type != \"display_data\") || (!output.data.hasOwnProperty(EXEC_MIME_TYPE))) {\n",
       "      return\n",
       "    }\n",
       "\n",
       "    var toinsert = output_area.element.find(\".\" + CLASS_NAME.split(' ')[0]);\n",
       "\n",
       "    if (output.metadata[EXEC_MIME_TYPE][\"id\"] !== undefined) {\n",
       "      toinsert[toinsert.length - 1].firstChild.textContent = output.data[JS_MIME_TYPE];\n",
       "      // store reference to embed id on output_area\n",
       "      output_area._bokeh_element_id = output.metadata[EXEC_MIME_TYPE][\"id\"];\n",
       "    }\n",
       "    if (output.metadata[EXEC_MIME_TYPE][\"server_id\"] !== undefined) {\n",
       "      var bk_div = document.createElement(\"div\");\n",
       "      bk_div.innerHTML = output.data[HTML_MIME_TYPE];\n",
       "      var script_attrs = bk_div.children[0].attributes;\n",
       "      for (var i = 0; i < script_attrs.length; i++) {\n",
       "        toinsert[toinsert.length - 1].firstChild.setAttribute(script_attrs[i].name, script_attrs[i].value);\n",
       "      }\n",
       "      // store reference to server id on output_area\n",
       "      output_area._bokeh_server_id = output.metadata[EXEC_MIME_TYPE][\"server_id\"];\n",
       "    }\n",
       "  }\n",
       "\n",
       "  function register_renderer(events, OutputArea) {\n",
       "\n",
       "    function append_mime(data, metadata, element) {\n",
       "      // create a DOM node to render to\n",
       "      var toinsert = this.create_output_subarea(\n",
       "        metadata,\n",
       "        CLASS_NAME,\n",
       "        EXEC_MIME_TYPE\n",
       "      );\n",
       "      this.keyboard_manager.register_events(toinsert);\n",
       "      // Render to node\n",
       "      var props = {data: data, metadata: metadata[EXEC_MIME_TYPE]};\n",
       "      render(props, toinsert[toinsert.length - 1]);\n",
       "      element.append(toinsert);\n",
       "      return toinsert\n",
       "    }\n",
       "\n",
       "    /* Handle when an output is cleared or removed */\n",
       "    events.on('clear_output.CodeCell', handleClearOutput);\n",
       "    events.on('delete.Cell', handleClearOutput);\n",
       "\n",
       "    /* Handle when a new output is added */\n",
       "    events.on('output_added.OutputArea', handleAddOutput);\n",
       "\n",
       "    /**\n",
       "     * Register the mime type and append_mime function with output_area\n",
       "     */\n",
       "    OutputArea.prototype.register_mime_type(EXEC_MIME_TYPE, append_mime, {\n",
       "      /* Is output safe? */\n",
       "      safe: true,\n",
       "      /* Index of renderer in `output_area.display_order` */\n",
       "      index: 0\n",
       "    });\n",
       "  }\n",
       "\n",
       "  // register the mime type if in Jupyter Notebook environment and previously unregistered\n",
       "  if (root.Jupyter !== undefined) {\n",
       "    var events = require('base/js/events');\n",
       "    var OutputArea = require('notebook/js/outputarea').OutputArea;\n",
       "\n",
       "    if (OutputArea.prototype.mime_types().indexOf(EXEC_MIME_TYPE) == -1) {\n",
       "      register_renderer(events, OutputArea);\n",
       "    }\n",
       "  }\n",
       "\n",
       "  \n",
       "  if (typeof (root._bokeh_timeout) === \"undefined\" || force === true) {\n",
       "    root._bokeh_timeout = Date.now() + 5000;\n",
       "    root._bokeh_failed_load = false;\n",
       "  }\n",
       "\n",
       "  var NB_LOAD_WARNING = {'data': {'text/html':\n",
       "     \"<div style='background-color: #fdd'>\\n\"+\n",
       "     \"<p>\\n\"+\n",
       "     \"BokehJS does not appear to have successfully loaded. If loading BokehJS from CDN, this \\n\"+\n",
       "     \"may be due to a slow or bad network connection. Possible fixes:\\n\"+\n",
       "     \"</p>\\n\"+\n",
       "     \"<ul>\\n\"+\n",
       "     \"<li>re-rerun `output_notebook()` to attempt to load from CDN again, or</li>\\n\"+\n",
       "     \"<li>use INLINE resources instead, as so:</li>\\n\"+\n",
       "     \"</ul>\\n\"+\n",
       "     \"<code>\\n\"+\n",
       "     \"from bokeh.resources import INLINE\\n\"+\n",
       "     \"output_notebook(resources=INLINE)\\n\"+\n",
       "     \"</code>\\n\"+\n",
       "     \"</div>\"}};\n",
       "\n",
       "  function display_loaded() {\n",
       "    var el = document.getElementById(\"1143\");\n",
       "    if (el != null) {\n",
       "      el.textContent = \"BokehJS is loading...\";\n",
       "    }\n",
       "    if (root.Bokeh !== undefined) {\n",
       "      if (el != null) {\n",
       "        el.textContent = \"BokehJS \" + root.Bokeh.version + \" successfully loaded.\";\n",
       "      }\n",
       "    } else if (Date.now() < root._bokeh_timeout) {\n",
       "      setTimeout(display_loaded, 100)\n",
       "    }\n",
       "  }\n",
       "\n",
       "\n",
       "  function run_callbacks() {\n",
       "    try {\n",
       "      root._bokeh_onload_callbacks.forEach(function(callback) { callback() });\n",
       "    }\n",
       "    finally {\n",
       "      delete root._bokeh_onload_callbacks\n",
       "    }\n",
       "    console.info(\"Bokeh: all callbacks have finished\");\n",
       "  }\n",
       "\n",
       "  function load_libs(js_urls, callback) {\n",
       "    root._bokeh_onload_callbacks.push(callback);\n",
       "    if (root._bokeh_is_loading > 0) {\n",
       "      console.log(\"Bokeh: BokehJS is being loaded, scheduling callback at\", now());\n",
       "      return null;\n",
       "    }\n",
       "    if (js_urls == null || js_urls.length === 0) {\n",
       "      run_callbacks();\n",
       "      return null;\n",
       "    }\n",
       "    console.log(\"Bokeh: BokehJS not loaded, scheduling load and callback at\", now());\n",
       "    root._bokeh_is_loading = js_urls.length;\n",
       "    for (var i = 0; i < js_urls.length; i++) {\n",
       "      var url = js_urls[i];\n",
       "      var s = document.createElement('script');\n",
       "      s.src = url;\n",
       "      s.async = false;\n",
       "      s.onreadystatechange = s.onload = function() {\n",
       "        root._bokeh_is_loading--;\n",
       "        if (root._bokeh_is_loading === 0) {\n",
       "          console.log(\"Bokeh: all BokehJS libraries loaded\");\n",
       "          run_callbacks()\n",
       "        }\n",
       "      };\n",
       "      s.onerror = function() {\n",
       "        console.warn(\"failed to load library \" + url);\n",
       "      };\n",
       "      console.log(\"Bokeh: injecting script tag for BokehJS library: \", url);\n",
       "      document.getElementsByTagName(\"head\")[0].appendChild(s);\n",
       "    }\n",
       "  };var element = document.getElementById(\"1143\");\n",
       "  if (element == null) {\n",
       "    console.log(\"Bokeh: ERROR: autoload.js configured with elementid '1143' but no matching script tag was found. \")\n",
       "    return false;\n",
       "  }\n",
       "\n",
       "  var js_urls = [\"https://cdn.pydata.org/bokeh/release/bokeh-1.0.4.min.js\", \"https://cdn.pydata.org/bokeh/release/bokeh-widgets-1.0.4.min.js\", \"https://cdn.pydata.org/bokeh/release/bokeh-tables-1.0.4.min.js\", \"https://cdn.pydata.org/bokeh/release/bokeh-gl-1.0.4.min.js\"];\n",
       "\n",
       "  var inline_js = [\n",
       "    function(Bokeh) {\n",
       "      Bokeh.set_log_level(\"info\");\n",
       "    },\n",
       "    \n",
       "    function(Bokeh) {\n",
       "      \n",
       "    },\n",
       "    function(Bokeh) {\n",
       "      console.log(\"Bokeh: injecting CSS: https://cdn.pydata.org/bokeh/release/bokeh-1.0.4.min.css\");\n",
       "      Bokeh.embed.inject_css(\"https://cdn.pydata.org/bokeh/release/bokeh-1.0.4.min.css\");\n",
       "      console.log(\"Bokeh: injecting CSS: https://cdn.pydata.org/bokeh/release/bokeh-widgets-1.0.4.min.css\");\n",
       "      Bokeh.embed.inject_css(\"https://cdn.pydata.org/bokeh/release/bokeh-widgets-1.0.4.min.css\");\n",
       "      console.log(\"Bokeh: injecting CSS: https://cdn.pydata.org/bokeh/release/bokeh-tables-1.0.4.min.css\");\n",
       "      Bokeh.embed.inject_css(\"https://cdn.pydata.org/bokeh/release/bokeh-tables-1.0.4.min.css\");\n",
       "    }\n",
       "  ];\n",
       "\n",
       "  function run_inline_js() {\n",
       "    \n",
       "    if ((root.Bokeh !== undefined) || (force === true)) {\n",
       "      for (var i = 0; i < inline_js.length; i++) {\n",
       "        inline_js[i].call(root, root.Bokeh);\n",
       "      }if (force === true) {\n",
       "        display_loaded();\n",
       "      }} else if (Date.now() < root._bokeh_timeout) {\n",
       "      setTimeout(run_inline_js, 100);\n",
       "    } else if (!root._bokeh_failed_load) {\n",
       "      console.log(\"Bokeh: BokehJS failed to load within specified timeout.\");\n",
       "      root._bokeh_failed_load = true;\n",
       "    } else if (force !== true) {\n",
       "      var cell = $(document.getElementById(\"1143\")).parents('.cell').data().cell;\n",
       "      cell.output_area.append_execute_result(NB_LOAD_WARNING)\n",
       "    }\n",
       "\n",
       "  }\n",
       "\n",
       "  if (root._bokeh_is_loading === 0) {\n",
       "    console.log(\"Bokeh: BokehJS loaded, going straight to plotting\");\n",
       "    run_inline_js();\n",
       "  } else {\n",
       "    load_libs(js_urls, function() {\n",
       "      console.log(\"Bokeh: BokehJS plotting callback run at\", now());\n",
       "      run_inline_js();\n",
       "    });\n",
       "  }\n",
       "}(window));"
      ],
      "application/vnd.bokehjs_load.v0+json": "\n(function(root) {\n  function now() {\n    return new Date();\n  }\n\n  var force = true;\n\n  if (typeof (root._bokeh_onload_callbacks) === \"undefined\" || force === true) {\n    root._bokeh_onload_callbacks = [];\n    root._bokeh_is_loading = undefined;\n  }\n\n  \n\n  \n  if (typeof (root._bokeh_timeout) === \"undefined\" || force === true) {\n    root._bokeh_timeout = Date.now() + 5000;\n    root._bokeh_failed_load = false;\n  }\n\n  var NB_LOAD_WARNING = {'data': {'text/html':\n     \"<div style='background-color: #fdd'>\\n\"+\n     \"<p>\\n\"+\n     \"BokehJS does not appear to have successfully loaded. If loading BokehJS from CDN, this \\n\"+\n     \"may be due to a slow or bad network connection. Possible fixes:\\n\"+\n     \"</p>\\n\"+\n     \"<ul>\\n\"+\n     \"<li>re-rerun `output_notebook()` to attempt to load from CDN again, or</li>\\n\"+\n     \"<li>use INLINE resources instead, as so:</li>\\n\"+\n     \"</ul>\\n\"+\n     \"<code>\\n\"+\n     \"from bokeh.resources import INLINE\\n\"+\n     \"output_notebook(resources=INLINE)\\n\"+\n     \"</code>\\n\"+\n     \"</div>\"}};\n\n  function display_loaded() {\n    var el = document.getElementById(\"1143\");\n    if (el != null) {\n      el.textContent = \"BokehJS is loading...\";\n    }\n    if (root.Bokeh !== undefined) {\n      if (el != null) {\n        el.textContent = \"BokehJS \" + root.Bokeh.version + \" successfully loaded.\";\n      }\n    } else if (Date.now() < root._bokeh_timeout) {\n      setTimeout(display_loaded, 100)\n    }\n  }\n\n\n  function run_callbacks() {\n    try {\n      root._bokeh_onload_callbacks.forEach(function(callback) { callback() });\n    }\n    finally {\n      delete root._bokeh_onload_callbacks\n    }\n    console.info(\"Bokeh: all callbacks have finished\");\n  }\n\n  function load_libs(js_urls, callback) {\n    root._bokeh_onload_callbacks.push(callback);\n    if (root._bokeh_is_loading > 0) {\n      console.log(\"Bokeh: BokehJS is being loaded, scheduling callback at\", now());\n      return null;\n    }\n    if (js_urls == null || js_urls.length === 0) {\n      run_callbacks();\n      return null;\n    }\n    console.log(\"Bokeh: BokehJS not loaded, scheduling load and callback at\", now());\n    root._bokeh_is_loading = js_urls.length;\n    for (var i = 0; i < js_urls.length; i++) {\n      var url = js_urls[i];\n      var s = document.createElement('script');\n      s.src = url;\n      s.async = false;\n      s.onreadystatechange = s.onload = function() {\n        root._bokeh_is_loading--;\n        if (root._bokeh_is_loading === 0) {\n          console.log(\"Bokeh: all BokehJS libraries loaded\");\n          run_callbacks()\n        }\n      };\n      s.onerror = function() {\n        console.warn(\"failed to load library \" + url);\n      };\n      console.log(\"Bokeh: injecting script tag for BokehJS library: \", url);\n      document.getElementsByTagName(\"head\")[0].appendChild(s);\n    }\n  };var element = document.getElementById(\"1143\");\n  if (element == null) {\n    console.log(\"Bokeh: ERROR: autoload.js configured with elementid '1143' but no matching script tag was found. \")\n    return false;\n  }\n\n  var js_urls = [\"https://cdn.pydata.org/bokeh/release/bokeh-1.0.4.min.js\", \"https://cdn.pydata.org/bokeh/release/bokeh-widgets-1.0.4.min.js\", \"https://cdn.pydata.org/bokeh/release/bokeh-tables-1.0.4.min.js\", \"https://cdn.pydata.org/bokeh/release/bokeh-gl-1.0.4.min.js\"];\n\n  var inline_js = [\n    function(Bokeh) {\n      Bokeh.set_log_level(\"info\");\n    },\n    \n    function(Bokeh) {\n      \n    },\n    function(Bokeh) {\n      console.log(\"Bokeh: injecting CSS: https://cdn.pydata.org/bokeh/release/bokeh-1.0.4.min.css\");\n      Bokeh.embed.inject_css(\"https://cdn.pydata.org/bokeh/release/bokeh-1.0.4.min.css\");\n      console.log(\"Bokeh: injecting CSS: https://cdn.pydata.org/bokeh/release/bokeh-widgets-1.0.4.min.css\");\n      Bokeh.embed.inject_css(\"https://cdn.pydata.org/bokeh/release/bokeh-widgets-1.0.4.min.css\");\n      console.log(\"Bokeh: injecting CSS: https://cdn.pydata.org/bokeh/release/bokeh-tables-1.0.4.min.css\");\n      Bokeh.embed.inject_css(\"https://cdn.pydata.org/bokeh/release/bokeh-tables-1.0.4.min.css\");\n    }\n  ];\n\n  function run_inline_js() {\n    \n    if ((root.Bokeh !== undefined) || (force === true)) {\n      for (var i = 0; i < inline_js.length; i++) {\n        inline_js[i].call(root, root.Bokeh);\n      }if (force === true) {\n        display_loaded();\n      }} else if (Date.now() < root._bokeh_timeout) {\n      setTimeout(run_inline_js, 100);\n    } else if (!root._bokeh_failed_load) {\n      console.log(\"Bokeh: BokehJS failed to load within specified timeout.\");\n      root._bokeh_failed_load = true;\n    } else if (force !== true) {\n      var cell = $(document.getElementById(\"1143\")).parents('.cell').data().cell;\n      cell.output_area.append_execute_result(NB_LOAD_WARNING)\n    }\n\n  }\n\n  if (root._bokeh_is_loading === 0) {\n    console.log(\"Bokeh: BokehJS loaded, going straight to plotting\");\n    run_inline_js();\n  } else {\n    load_libs(js_urls, function() {\n      console.log(\"Bokeh: BokehJS plotting callback run at\", now());\n      run_inline_js();\n    });\n  }\n}(window));"
     },
     "metadata": {},
     "output_type": "display_data"
    }
   ],
   "source": [
    "from bokeh.plotting import figure, show, output_notebook, save#, output_file\n",
    "from bokeh.models import HoverTool, value, LabelSet, Legend, ColumnDataSource\n",
    "from bokeh.io import export_png\n",
    "output_notebook()"
   ]
  },
  {
   "cell_type": "code",
   "execution_count": 85,
   "metadata": {},
   "outputs": [],
   "source": [
    "source = ColumnDataSource(dict(\n",
    "    x=df_cluster['X'],\n",
    "    y=df_cluster['Y'],\n",
    "    color=df_cluster['Colors'],\n",
    "    label=df_cluster['Topic'],\n",
    "    topic_words = df_cluster[\"Topic_Words\"]\n",
    "))"
   ]
  },
  {
   "cell_type": "code",
   "execution_count": 86,
   "metadata": {
    "scrolled": false
   },
   "outputs": [
    {
     "data": {
      "text/html": [
       "\n",
       "\n",
       "\n",
       "\n",
       "\n",
       "\n",
       "  <div class=\"bk-root\" id=\"19cafb5a-74bd-48e9-ba6e-199f58b2320e\" data-root-id=\"1146\"></div>\n"
      ]
     },
     "metadata": {},
     "output_type": "display_data"
    },
    {
     "data": {
      "application/javascript": [
       "(function(root) {\n",
       "  function embed_document(root) {\n",
       "    \n",
